12 24 96
-1 94 73 -1 -1 -1 -1 -1 55 83 -1 -1 7 0 -1 -1 -1 -1 -1 -1 -1 -1 -1 -1
-1 35 -1 -1 -1 30 87 17 -1 -1 -1 20 -1 8 8 -1 -1 -1 -1 -1 -1 -1 -1 -1
-1 -1 -1 24 22 81 -1 33 -1 -1 -1 0 -1 -1 0 0 -1 -1 -1 -1 -1 -1 -1 -1
73 -1 59 -1 -1 -1 -1 -1 77 37 -1 -1 -1 -1 -1 12 12 -1 -1 -1 -1 -1 -1 -1
-1 -1 27 -1 -1 -1 72 -1 -1 29 60 -1 -1 -1 -1 -1 84 84 -1 -1 -1 -1 -1 -1
-1 -1 -1 -1 46 40 -1 82 -1 -1 -1 79 0 -1 -1 -1 -1 0 0 -1 -1 -1 -1 -1 
-1 -1 87 45 -1 -1 -1 -1 -1 6 10 -1 -1 -1 -1 -1 -1 -1 88 88 -1 -1 -1 -1
-1 27 81 -1 -1 -1 10 -1 -1 55 -1 -1 -1 -1 -1 -1 -1 -1 -1 8 8 -1 -1 -1
12 -1 -1 -1 83 24 -1 43 -1 -1 -1 51 -1 -1 -1 -1 -1 -1 -1 -1 0 0 -1 -1
-1 -1 -1 -1 -1 14 -1 75 -1 -1 86 88 -1 -1 -1 -1 -1 -1 -1 -1 -1 16 16 -1
-1 -1 7 65 -1 -1 -1 -1 39 49 -1 -1 -1 -1 -1 -1 -1 -1 -1 -1 -1 -1 0 0
27 -1 -1 -1 -1 50 -1 25 -1 -1 -1 10 87 -1 -1 -1 -1 -1 -1 -1 -1 -1 -1 80
