12 24 96
-1 0 0 -1 -1 -1 -1 -1 0 0 -1 -1 0 0 -1 -1 -1 -1 -1 -1 -1 -1 -1 -1
-1 0 -1 -1 -1 0 0 0 -1 -1 -1 0 -1 0 0 -1 -1 -1 -1 -1 -1 -1 -1 -1
-1 -1 -1 0 0 0 -1 6 -1 -1 -1 7 -1 -1 0 0 -1 -1 -1 -1 -1 -1 -1 -1
0 -1 0 -1 -1 -1 -1 -1 0 0 -1 -1 -1 -1 -1 0 0 -1 -1 -1 -1 -1 -1 -1
-1 -1 0 -1 -1 -1 0 -1 -1 0 0 -1 -1 -1 -1 -1 0 0 -1 -1 -1 -1 -1 -1
-1 -1 -1 -1 0 5 -1 10 -1 -1 -1 13 0 -1 -1 -1 -1 0 0 -1 -1 -1 -1 -1
-1 -1 0 7 -1 -1 -1 -1 -1 0 0 -1 -1 -1 -1 -1 -1 -1 0 0 -1 -1 -1 -1
-1 0 0 -1 -1 -1 0 -1 -1 0 -1 -1 -1 -1 -1 -1 -1 -1 -1 0 0 -1 -1 -1
0 -1 -1 -1 0 0 -1 0 -1 -1 -1 0 -1 -1 -1 -1 -1 -1 -1 -1 0 0 -1 -1
-1 -1 -1 -1 -1 0 -1 6 -1 -1 0 10 -1 -1 -1 -1 -1 -1 -1 -1 -1 0 0 -1
-1 -1 0 9 -1 -1 -1 -1 0 0 -1 -1 -1 -1 -1 -1 -1 -1 -1 -1 -1 -1 1 0
0 -1 -1 -1 -1 0 -1 6 -1 -1 -1 0 0 -1 -1 -1 -1 -1 -1 -1 -1 -1 -1 0
