12 24 96
-1 0 0 -1 -1 -1 -1 -1 0 0 -1 -1 0 0 -1 -1 -1 -1 -1 -1 -1 -1 -1 -1
-1 0 -1 -1 -1 0 0 10 -1 -1 -1 95 -1 0 0 -1 -1 -1 -1 -1 -1 -1 -1 -1
-1 -1 -1 0 0 0 -1 0 -1 -1 -1 58 -1 -1 0 0 -1 -1 -1 -1 -1 -1 -1 -1
0 -1 0 -1 -1 -1 -1 -1 0 0 -1 -1 -1 -1 -1 0 0 -1 -1 -1 -1 -1 -1 -1
-1 -1 0 -1 -1 -1 0 -1 -1 0 0 -1 -1 -1 -1 -1 0 0 -1 -1 -1 -1 -1 -1
-1 -1 -1 -1 95 66 -1 66 -1 -1 -1 95 0 -1 -1 -1 -1 0 0 -1 -1 -1 -1 -1 
-1 -1 0 0 -1 -1 -1 -1 -1 0 0 -1 -1 -1 -1 -1 -1 -1 0 0 -1 -1 -1 -1
-1 0 0 -1 -1 -1 0 -1 -1 0 -1 -1 -1 -1 -1 -1 -1 -1 -1 0 0 -1 -1 -1
0 -1 -1 -1 0 0 -1 0 -1 -1 -1 0 -1 -1 -1 -1 -1 -1 -1 -1 0 0 -1 -1
-1 -1 -1 -1 -1 10 -1 0 -1 -1 0 19 -1 -1 -1 -1 -1 -1 -1 -1 -1 0 0 -1
-1 -1 0 0 -1 -1 -1 -1 0 0 -1 -1 -1 -1 -1 -1 -1 -1 -1 -1 -1 -1 58 0
0 -1 -1 -1 -1 0 -1 77 -1 -1 -1 0 0 -1 -1 -1 -1 -1 -1 -1 -1 -1 -1 0
