12 24 96
-1 0 40 -1 -1 -1 -1 -1 10 0 -1 -1 0 0 -1 -1 -1 -1 -1 -1 -1 -1 -1 -1
-1 10 -1 -1 -1 76 0 26 -1 -1 -1 0 -1 20 0 -1 -1 -1 -1 -1 -1 -1 -1 -1
-1 -1 -1 0 95 56 -1 16 -1 -1 -1 0 -1 -1 10 0 -1 -1 -1 -1 -1 -1 -1 -1
0 -1 0 -1 -1 -1 -1 -1 10 20 -1 -1 -1 -1 -1 0 30 -1 -1 -1 -1 -1 -1 -1
-1 -1 30 -1 -1 -1 0 -1 -1 0 0 -1 -1 -1 -1 -1 0 0 -1 -1 -1 -1 -1 -1
-1 -1 -1 -1 40 30 -1 0 -1 -1 -1 13 0 -1 -1 -1 -1 61 32 -1 -1 -1 -1 -1
-1 -1 30 0 -1 -1 -1 -1 -1 10 20 -1 -1 -1 -1 -1 -1 -1 0 0 -1 -1 -1 -1
-1 10 10 -1 -1 -1 10 -1 -1 0 -1 -1 -1 -1 -1 -1 -1 -1 -1 0 0 -1 -1 -1
0 -1 -1 -1 0 0 -1 0 -1 -1 -1 43 -1 -1 -1 -1 -1 -1 -1 -1 0 30 -1 -1
-1 -1 -1 -1 -1 20 -1 0 -1 -1 71 23 -1 -1 -1 -1 -1 -1 -1 -1 -1 0 42 -1
-1 -1 0 0 -1 -1 -1 -1 0 0 -1 -1 -1 -1 -1 -1 -1 -1 -1 -1 -1 -1 0 0
0 -1 -1 -1 -1 30 -1 20 -1 -1 -1 53 50 -1 -1 -1 -1 -1 -1 -1 -1 -1 -1 81
